acc = 0.8653846153846154
f1 = 0.8866995073891625
loss = 1.1825324535369872
recall = 0.9090909090909091
