acc = 0.9401052205584783
f1 = 0.9429673229145524
loss = 3.611041668599104
recall = 0.9458469055374593
